Total_word: 5947
0 3 21 馋涎欲滴 [['ch', 'an', '2'], ['x', 'ian', '2'], ['y', 'u', '4'], ['d', 'i', '1']]
1 101 21
2 101 21
3 101 21
4 101 22
5 101 22
6 101 23
7 101 23
8 101 23
9 101 23
10 101 24
11 101 24
12 101 24
13 101 24
14 101 24
15 101 24
16 101 24
17 101 24
18 101 24
19 101 24
20 101 25
21 101 25
22 101 25
23 101 25
24 101 25
25 101 25
26 101 26
27 101 26
28 101 26
29 101 26
30 101 26
31 101 26
32 101 26
33 101 26
34 101 26
35 101 26
36 101 26
37 101 27
38 101 27
39 101 27
40 101 27
41 101 27
42 101 27
43 101 27
44 101 27
45 101 27
46 101 27
47 101 27
48 101 27
49 101 27
50 101 27
51 101 27
52 101 27
53 101 27
54 101 27
55 101 27
56 101 27
57 101 27
58 101 27
59 101 28
60 101 28
61 101 28
62 101 28
63 101 28
64 101 29
65 101 29
66 101 29
67 101 29
68 101 29
69 101 29
70 101 29
71 101 29
72 101 29
73 101 29
74 101 29
75 101 29
76 101 29
77 101 29
78 101 29
79 101 29
80 101 30
81 101 30
82 101 30
83 101 30
84 101 30
85 101 30
86 101 30
87 101 30
88 101 30
89 101 30
90 101 30
91 101 30
92 101 30
93 101 30
94 101 31
95 101 31
96 101 31
97 101 31
98 101 31
99 101 31
100 101 31
101 101 31
102 101 31
103 101 31
104 101 31
105 101 31
106 101 31
107 101 31
108 101 31
109 101 31
110 101 31
111 101 31
112 101 31
113 101 31
114 101 31
115 101 31
116 101 32
117 101 32
118 101 32
119 101 32
120 101 32
121 101 32
122 101 32
123 101 32
124 101 32
125 101 32
126 101 32
127 101 32
128 101 32
129 101 32
130 101 32
131 101 32
132 101 32
133 101 32
134 101 32
135 101 32
136 101 33
137 101 33
138 101 33
139 101 33
140 101 33
141 101 33
142 101 33
143 101 33
144 101 33
145 101 33
146 101 33
147 101 33
148 101 33
149 101 33
150 101 33
151 101 33
152 101 33
153 101 33
154 101 33
155 101 33
156 101 33
157 101 34
158 101 34
159 101 34
160 101 34
161 101 34
162 101 34
163 101 34
164 101 34
165 101 34
166 101 34
167 101 34
168 101 34
169 101 34
170 101 34
171 101 34
172 101 34
173 101 34
174 101 34
175 101 34
176 101 34
177 101 34
178 101 34
179 101 34
180 101 34
181 101 35
182 101 35
183 101 35
184 101 35
185 101 35
186 101 35
187 101 35
188 101 35
189 101 35
190 101 35
191 101 35
192 101 35
193 101 35
194 101 35
195 101 35
196 101 35
197 101 35
198 101 35
199 101 35
200 101 35
201 101 35
202 101 35
203 101 35
204 101 35
205 101 35
206 101 35
207 101 36
208 101 36
209 101 36
210 101 36
211 101 36
212 101 36
213 101 36
214 101 36
215 101 36
216 101 36
217 101 36
218 101 36
219 101 36
220 101 36
221 101 36
222 101 36
223 101 36
224 101 36
225 101 36
226 101 36
227 101 36
228 101 36
229 101 37
230 101 37
231 101 37
232 101 37
233 101 37
234 101 37
235 101 37
236 101 37
237 101 37
238 101 37
239 101 37
240 101 37
241 101 37
242 101 37
243 101 37
244 101 37
245 101 37
246 101 37
247 101 37
248 101 37
249 101 37
250 101 37
251 101 38
252 101 38
253 101 38
254 101 38
255 101 38
256 101 38
257 101 38
258 101 38
259 101 38
260 101 38
261 101 38
262 101 38
263 101 38
264 101 38
265 101 38
266 101 38
267 101 38
268 101 38
269 101 38
270 101 38
271 101 38
272 101 38
273 101 38
274 101 38
275 101 38
276 101 38
277 101 38
278 101 38
279 101 38
280 101 38
281 101 38
282 101 39
283 101 39
284 101 39
285 101 39
286 101 39
287 101 39
288 101 39
289 101 39
290 101 39
291 101 39
292 101 39
293 101 39
294 101 39
295 101 39
296 101 39
297 101 39
298 101 39
299 101 39
300 101 39
301 101 39
302 101 39
303 101 39
304 101 39
305 101 39
306 101 39
307 101 39
308 101 39
309 101 39
310 101 39
311 101 40
312 101 40
313 101 40
314 101 40
315 101 40
316 101 40
317 101 40
318 101 40
319 101 40
320 101 40
321 101 40
322 101 40
323 101 40
324 101 40
325 101 40
326 101 40
327 101 40
328 101 40
329 101 40
330 101 40
331 101 40
332 101 40
333 101 40
334 101 40
335 101 40
336 101 40
337 101 40
338 101 40
339 101 40
340 101 40
341 101 40
342 101 40
343 101 40
344 101 40
345 101 40
346 101 40
347 101 40
348 101 40
349 101 40
350 101 40
351 101 40
352 101 40
353 101 40
354 101 41
355 101 41
356 101 41
357 101 41
358 101 41
359 101 41
360 101 41
361 101 41
362 101 41
363 101 41
364 101 41
365 101 41
366 101 41
367 101 41
368 101 41
369 101 41
370 101 41
371 101 41
372 101 41
373 101 41
374 101 41
375 101 41
376 101 41
377 101 41
378 101 41
379 101 41
380 101 41
381 101 41
382 101 41
383 101 41
384 101 41
385 101 41
386 101 41
387 101 41
388 101 41
389 101 41
390 101 41
391 101 41
392 101 42
393 101 42
394 101 42
395 101 42
396 101 42
397 101 42
398 101 42
399 101 42
400 101 42
401 101 42
402 101 42
403 101 42
404 101 42
405 101 42
406 101 42
407 101 42
408 101 42
409 101 42
410 101 42
411 101 42
412 101 42
413 101 42
414 101 42
415 101 42
416 101 42
417 101 42
418 101 42
419 101 42
420 101 42
421 101 42
422 101 42
423 101 42
424 101 42
425 101 42
426 101 42
427 101 42
428 101 42
429 101 42
430 101 42
431 101 42
432 101 42
433 101 42
434 101 42
435 101 43
436 101 43
437 101 43
438 101 43
439 101 43
440 101 43
441 101 43
442 101 43
443 101 43
444 101 43
445 101 43
446 101 43
447 101 43
448 101 43
449 101 43
450 101 43
451 101 43
452 101 43
453 101 43
454 101 43
455 101 43
456 101 43
457 101 43
458 101 43
459 101 43
460 101 43
461 101 43
462 101 43
463 101 43
464 101 43
465 101 43
466 101 43
467 101 43
468 101 43
469 101 43
470 101 43
471 101 43
472 101 43
473 101 43
474 101 43
475 101 43
476 101 43
477 101 43
478 101 43
479 101 43
480 101 43
481 101 43
482 101 43
483 101 43
484 101 43
485 101 43
486 101 44
487 101 44
488 101 44
489 101 44
490 101 44
491 101 44
492 101 44
493 101 44
494 101 44
495 101 44
496 101 44
497 101 44
498 101 44
499 101 44
500 101 44
501 101 44
502 101 44
503 101 44
504 101 44
505 101 44
506 101 44
507 101 44
508 101 44
509 101 44
510 101 44
511 101 44
512 101 44
513 101 44
514 101 44
515 101 44
516 101 44
517 101 44
518 101 44
519 101 44
520 101 44
521 101 44
522 101 44
523 101 44
524 101 44
525 101 44
526 101 44
527 101 44
528 101 44
529 101 44
530 101 44
531 101 44
532 101 44
533 101 44
534 101 45
535 101 45
536 101 45
537 101 45
538 101 45
539 101 45
540 101 45
541 101 45
542 101 45
543 101 45
544 101 45
545 101 45
546 101 45
547 101 45
548 101 45
549 101 45
550 101 45
551 101 45
552 101 45
553 101 45
554 101 45
555 101 45
556 101 45
557 101 45
558 101 45
559 101 45
560 101 45
561 101 45
562 101 45
563 101 45
564 101 45
565 101 45
566 101 45
567 101 45
568 101 45
569 101 46
570 101 46
571 101 46
572 101 46
573 101 46
574 101 46
575 101 46
576 101 46
577 101 46
578 101 46
579 101 46
580 101 46
581 101 46
582 101 46
583 101 46
584 101 46
585 101 46
586 101 46
587 101 46
588 101 46
589 101 46
590 101 46
591 101 46
592 101 46
593 101 46
594 101 46
595 101 46
596 101 46
597 101 46
598 101 46
599 101 46
600 101 46
601 101 46
602 101 46
603 101 46
604 101 46
605 101 46
606 101 46
607 101 47
608 101 47
609 101 47
610 101 47
611 101 47
612 101 47
613 101 47
614 101 47
615 101 47
616 101 47
617 101 47
618 101 47
619 101 47
620 101 47
621 101 47
622 101 47
623 101 47
624 101 47
625 101 47
626 101 47
627 101 47
628 101 47
629 101 47
630 101 47
631 101 47
632 101 47
633 101 47
634 101 47
635 101 47
636 101 47
637 101 47
638 101 47
639 101 47
640 101 47
641 101 47
642 101 47
643 101 47
644 101 47
645 101 47
646 101 47
647 101 47
648 101 47
649 101 47
650 101 47
651 101 47
652 101 47
653 101 47
654 101 48
655 101 48
656 101 48
657 101 48
658 101 48
659 101 48
660 101 48
661 101 48
662 101 48
663 101 48
664 101 48
665 101 48
666 101 48
667 101 48
668 101 48
669 101 48
670 101 48
671 101 48
672 101 48
673 101 48
674 101 48
675 101 48
676 101 48
677 101 48
678 101 48
679 101 48
680 101 48
681 101 48
682 101 48
683 101 48
684 101 48
685 101 48
686 101 48
687 101 48
688 101 48
689 101 48
690 101 48
691 101 48
692 101 48
693 101 48
694 101 48
695 101 48
696 101 48
697 101 48
698 101 48
699 101 48
700 101 49
701 101 49
702 101 49
703 101 49
704 101 49
705 101 49
706 101 49
707 101 49
708 101 49
709 101 49
710 101 49
711 101 49
712 101 49
713 101 49
714 101 49
715 101 49
716 101 49
717 101 49
718 101 49
719 101 49
720 101 49
721 101 49
722 101 49
723 101 49
724 101 49
725 101 49
726 101 49
727 101 49
728 101 49
729 101 49
730 101 49
731 101 49
732 101 49
733 101 49
734 101 49
735 101 49
736 101 49
737 101 49
738 101 49
739 101 49
740 101 49
741 101 49
742 101 49
743 101 49
744 101 49
745 101 49
746 101 50
747 101 50
748 101 50
749 101 50
750 101 50
751 101 50
752 101 50
753 101 50
754 101 50
755 101 50
756 101 50
757 101 50
758 101 50
759 101 50
760 101 50
761 101 50
762 101 50
763 101 50
764 101 50
765 101 50
766 101 50
767 101 50
768 101 50
769 101 50
770 101 50
771 101 50
772 101 50
773 101 50
774 101 50
775 101 50
776 101 50
777 101 50
778 101 50
779 101 50
780 101 50
781 101 50
782 101 50
783 101 50
784 101 50
785 101 50
786 101 50
787 101 50
788 101 50
789 101 50
790 101 51
791 101 51
792 101 51
793 101 51
794 101 51
795 101 51
796 101 51
797 101 51
798 101 51
799 101 51
800 101 51
801 101 51
802 101 51
803 101 51
804 101 51
805 101 51
806 101 51
807 101 51
808 101 51
809 101 51
810 101 51
811 101 51
812 101 51
813 101 51
814 101 51
815 101 51
816 101 51
817 101 51
818 101 51
819 101 51
820 101 51
821 101 51
822 101 51
823 101 51
824 101 51
825 101 51
826 101 51
827 101 51
828 101 51
829 101 51
830 101 51
831 101 51
832 101 51
833 101 51
834 101 51
835 101 51
836 101 51
837 101 51
838 101 51
839 101 51
840 101 51
841 101 51
842 101 51
843 101 51
844 101 51
845 101 51
846 101 51
847 101 51
848 101 51
849 101 51
850 101 51
851 101 52
852 101 52
853 101 52
854 101 52
855 101 52
856 101 52
857 101 52
858 101 52
859 101 52
860 101 52
861 101 52
862 101 52
863 101 52
864 101 52
865 101 52
866 101 52
867 101 52
868 101 52
869 101 52
870 101 52
871 101 52
872 101 52
873 101 52
874 101 52
875 101 52
876 101 52
877 101 52
878 101 52
879 101 52
880 101 52
881 101 52
882 101 52
883 101 52
884 101 52
885 101 52
886 101 52
887 101 52
888 101 52
889 101 52
890 101 52
891 101 52
892 101 52
893 101 52
894 101 52
895 101 52
896 101 52
897 101 52
898 101 52
899 101 52
900 101 52
901 101 52
902 101 52
903 101 52
904 101 52
905 101 53
906 101 53
907 101 53
908 101 53
909 101 53
910 101 53
911 101 53
912 101 53
913 101 53
914 101 53
915 101 53
916 101 53
917 101 53
918 101 53
919 101 53
920 101 53
921 101 53
922 101 53
923 101 53
924 101 53
925 101 53
926 101 53
927 101 53
928 101 53
929 101 53
930 101 53
931 101 53
932 101 53
933 101 53
934 101 53
935 101 53
936 101 53
937 101 53
938 101 53
939 101 53
940 101 53
941 101 53
942 101 53
943 101 53
944 101 53
945 101 53
946 101 53
947 101 53
948 101 53
949 101 53
950 101 53
951 101 53
952 101 53
953 101 53
954 101 53
955 101 53
956 101 53
957 101 53
958 101 53
959 101 53
960 101 53
961 101 53
962 101 53
963 101 54
964 101 54
965 101 54
966 101 54
967 101 54
968 101 54
969 101 54
970 101 54
971 101 54
972 101 54
973 101 54
974 101 54
975 101 54
976 101 54
977 101 54
978 101 54
979 101 54
980 101 54
981 101 54
982 101 54
983 101 54
984 101 54
985 101 54
986 101 54
987 101 54
988 101 54
989 101 54
990 101 54
991 101 54
992 101 54
993 101 54
994 101 54
995 101 54
996 101 54
997 101 54
998 101 54
999 101 54
1000 101 54
1001 101 54
1002 101 54
1003 101 54
1004 101 54
1005 101 54
1006 101 54
1007 101 54
1008 101 54
1009 101 54
1010 101 54
1011 101 55
1012 101 55
1013 101 55
1014 101 55
1015 101 55
1016 101 55
1017 101 55
1018 101 55
1019 101 55
1020 101 55
1021 101 55
1022 101 55
1023 101 55
1024 101 55
1025 101 55
1026 101 55
1027 101 55
1028 101 55
1029 101 55
1030 101 55
1031 101 55
1032 101 55
1033 101 55
1034 101 55
1035 101 55
1036 101 55
1037 101 55
1038 101 55
1039 101 55
1040 101 55
1041 101 55
1042 101 55
1043 101 55
1044 101 55
1045 101 55
1046 101 55
1047 101 55
1048 101 55
1049 101 55
1050 101 55
1051 101 55
1052 101 55
1053 101 55
1054 101 55
1055 101 55
1056 101 56
1057 101 56
1058 101 56
1059 101 56
1060 101 56
1061 101 56
1062 101 56
1063 101 56
1064 101 56
1065 101 56
1066 101 56
1067 101 56
1068 101 56
1069 101 56
1070 101 56
1071 101 56
1072 101 56
1073 101 56
1074 101 56
1075 101 56
1076 101 56
1077 101 56
1078 101 56
1079 101 56
1080 101 56
1081 101 56
1082 101 56
1083 101 56
1084 101 56
1085 101 56
1086 101 56
1087 101 56
1088 101 56
1089 101 56
1090 101 56
1091 101 56
1092 101 56
1093 101 56
1094 101 56
1095 101 56
1096 101 56
1097 101 56
1098 101 56
1099 101 56
1100 101 56
1101 101 56
1102 101 56
1103 101 56
1104 101 56
1105 101 56
1106 101 57
1107 101 57
1108 101 57
1109 101 57
1110 101 57
1111 101 57
1112 101 57
1113 101 57
1114 101 57
1115 101 57
1116 101 57
1117 101 57
1118 101 57
1119 101 57
1120 101 57
1121 101 57
1122 101 57
1123 101 57
1124 101 57
1125 101 57
1126 101 57
1127 101 57
1128 101 57
1129 101 57
1130 101 57
1131 101 57
1132 101 57
1133 101 57
1134 101 57
1135 101 57
1136 101 57
1137 101 57
1138 101 57
1139 101 57
1140 101 57
1141 101 57
1142 101 57
1143 101 57
1144 101 57
1145 101 57
1146 101 57
1147 101 57
1148 101 57
1149 101 57
1150 101 57
1151 101 57
1152 101 57
1153 101 57
1154 101 57
1155 101 57
1156 101 57
1157 101 57
1158 101 57
1159 101 57
1160 101 57
1161 101 57
1162 101 57
1163 101 57
1164 101 57
1165 101 57
1166 101 57
1167 101 57
1168 101 57
1169 101 58
1170 101 58
1171 101 58
1172 101 58
1173 101 58
1174 101 58
1175 101 58
1176 101 58
1177 101 58
1178 101 58
1179 101 58
1180 101 58
1181 101 58
1182 101 58
1183 101 58
1184 101 58
1185 101 58
1186 101 58
1187 101 58
1188 101 58
1189 101 58
1190 101 58
1191 101 58
1192 101 58
1193 101 58
1194 101 58
1195 101 58
1196 101 58
1197 101 58
1198 101 58
1199 101 58
1200 101 58
1201 101 58
1202 101 58
1203 101 58
1204 101 58
1205 101 58
1206 101 58
1207 101 58
1208 101 58
1209 101 58
1210 101 58
1211 101 58
1212 101 58
1213 101 58
1214 101 58
1215 101 58
1216 101 58
1217 101 58
1218 101 58
1219 101 59
1220 101 59
1221 101 59
1222 101 59
1223 101 59
1224 101 59
1225 101 59
1226 101 59
1227 101 59
1228 101 59
1229 101 59
1230 101 59
1231 101 59
1232 101 59
1233 101 59
1234 101 59
1235 101 59
1236 101 59
1237 101 59
1238 101 59
1239 101 59
1240 101 59
1241 101 59
1242 101 59
1243 101 59
1244 101 59
1245 101 59
1246 101 59
1247 101 59
1248 101 59
1249 101 59
1250 101 59
1251 101 59
1252 101 59
1253 101 59
1254 101 59
1255 101 59
1256 101 59
1257 101 59
1258 101 59
1259 101 59
1260 101 59
1261 101 59
1262 101 59
1263 101 59
1264 101 59
1265 101 59
1266 101 59
1267 101 59
1268 101 59
1269 101 59
1270 101 59
1271 101 59
1272 101 59
1273 101 60
1274 101 60
1275 101 60
1276 101 60
1277 101 60
1278 101 60
1279 101 60
1280 101 60
1281 101 60
1282 101 60
1283 101 60
1284 101 60
1285 101 60
1286 101 60
1287 101 60
1288 101 60
1289 101 60
1290 101 60
1291 101 60
1292 101 60
1293 101 60
1294 101 60
1295 101 60
1296 101 60
1297 101 60
1298 101 60
1299 101 60
1300 101 60
1301 101 60
1302 101 60
1303 101 60
1304 101 60
1305 101 60
1306 101 60
1307 101 60
1308 101 60
1309 101 60
1310 101 60
1311 101 60
1312 101 60
1313 101 60
1314 101 60
1315 101 60
1316 101 60
1317 101 60
1318 101 60
1319 101 60
1320 101 60
1321 101 60
1322 101 60
1323 101 60
1324 101 60
1325 101 60
1326 101 61
1327 101 61
1328 101 61
1329 101 61
1330 101 61
1331 101 61
1332 101 61
1333 101 61
1334 101 61
1335 101 61
1336 101 61
1337 101 61
1338 101 61
1339 101 61
1340 101 61
1341 101 61
1342 101 61
1343 101 61
1344 101 61
1345 101 61
1346 101 61
1347 101 61
1348 101 61
1349 101 61
1350 101 61
1351 101 61
1352 101 61
1353 101 61
1354 101 61
1355 101 61
1356 101 61
1357 101 61
1358 101 61
1359 101 61
1360 101 61
1361 101 61
1362 101 61
1363 101 61
1364 101 61
1365 101 61
1366 101 61
1367 101 62
1368 101 62
1369 101 62
1370 101 62
1371 101 62
1372 101 62
1373 101 62
1374 101 62
1375 101 62
1376 101 62
1377 101 62
1378 101 62
1379 101 62
1380 101 62
1381 101 62
1382 101 62
1383 101 62
1384 101 62
1385 101 62
1386 101 62
1387 101 62
1388 101 62
1389 101 62
1390 101 62
1391 101 62
1392 101 62
1393 101 62
1394 101 62
1395 101 62
1396 101 62
1397 101 62
1398 101 62
1399 101 62
1400 101 62
1401 101 62
1402 101 62
1403 101 62
1404 101 62
1405 101 62
1406 101 62
1407 101 62
1408 101 62
1409 101 63
1410 101 63
1411 101 63
1412 101 63
1413 101 63
1414 101 63
1415 101 63
1416 101 63
1417 101 63
1418 101 63
1419 101 63
1420 101 63
1421 101 63
1422 101 63
1423 101 63
1424 101 63
1425 101 63
1426 101 63
1427 101 63
1428 101 63
1429 101 63
1430 101 63
1431 101 63
1432 101 63
1433 101 63
1434 101 63
1435 101 63
1436 101 63
1437 101 63
1438 101 63
1439 101 63
1440 101 63
1441 101 63
1442 101 63
1443 101 63
1444 101 63
1445 101 63
1446 101 63
1447 101 63
1448 101 63
1449 101 63
1450 101 63
1451 101 63
1452 101 63
1453 101 63
1454 101 63
1455 101 63
1456 101 63
1457 101 63
1458 101 63
1459 101 63
1460 101 63
1461 101 63
1462 101 63
1463 101 63
1464 101 63
1465 101 63
1466 101 63
1467 101 63
1468 101 63
1469 101 63
1470 101 63
1471 101 63
1472 101 63
1473 101 64
1474 101 64
1475 101 64
1476 101 64
1477 101 64
1478 101 64
1479 101 64
1480 101 64
1481 101 64
1482 101 64
1483 101 64
1484 101 64
1485 101 64
1486 101 64
1487 101 64
1488 101 64
1489 101 64
1490 101 64
1491 101 64
1492 101 64
1493 101 64
1494 101 64
1495 101 64
1496 101 64
1497 101 64
1498 101 64
1499 101 64
1500 101 64
1501 101 64
1502 101 64
1503 101 64
1504 101 64
1505 101 64
1506 101 64
1507 101 64
1508 101 64
1509 101 64
1510 101 64
1511 101 64
1512 101 64
1513 101 64
1514 101 64
1515 101 64
1516 101 64
1517 101 64
1518 101 64
1519 101 64
1520 101 64
1521 101 64
1522 101 64
1523 101 64
1524 101 64
1525 101 64
1526 101 64
1527 101 64
1528 101 64
1529 101 64
1530 101 64
1531 101 64
1532 101 64
1533 101 65
1534 101 65
1535 101 65
1536 101 65
1537 101 65
1538 101 65
1539 101 65
1540 101 65
1541 101 65
1542 101 65
1543 101 65
1544 101 65
1545 101 65
1546 101 65
1547 101 65
1548 101 65
1549 101 65
1550 101 65
1551 101 65
1552 101 65
1553 101 65
1554 101 65
1555 101 65
1556 101 65
1557 101 65
1558 101 65
1559 101 65
1560 101 65
1561 101 65
1562 101 65
1563 101 65
1564 101 65
1565 101 65
1566 101 65
1567 101 65
1568 101 65
1569 101 65
1570 101 65
1571 101 65
1572 101 65
1573 101 65
1574 101 65
1575 101 65
1576 101 65
1577 101 65
1578 101 65
1579 101 65
1580 101 65
1581 101 65
1582 101 65
1583 101 65
1584 101 65
1585 101 65
1586 101 65
1587 101 65
1588 101 65
1589 101 66
1590 101 66
1591 101 66
1592 101 66
1593 101 66
1594 101 66
1595 101 66
1596 101 66
1597 101 66
1598 101 66
1599 101 66
1600 101 66
1601 101 66
1602 101 66
1603 101 66
1604 101 66
1605 101 66
1606 101 66
1607 101 66
1608 101 66
1609 101 66
1610 101 66
1611 101 66
1612 101 66
1613 101 66
1614 101 66
1615 101 66
1616 101 66
1617 101 66
1618 101 66
1619 101 66
1620 101 66
1621 101 66
1622 101 66
1623 101 66
1624 101 66
1625 101 66
1626 101 66
1627 101 66
1628 101 66
1629 101 67
1630 101 67
1631 101 67
1632 101 67
1633 101 67
1634 101 67
1635 101 67
1636 101 67
1637 101 67
1638 101 67
1639 101 67
1640 101 67
1641 101 67
1642 101 67
1643 101 67
1644 101 67
1645 101 67
1646 101 67
1647 101 67
1648 101 67
1649 101 67
1650 101 67
1651 101 67
1652 101 67
1653 101 67
1654 101 67
1655 101 67
1656 101 67
1657 101 67
1658 101 67
1659 101 67
1660 101 67
1661 101 67
1662 101 67
1663 101 67
1664 101 67
1665 101 67
1666 101 67
1667 101 67
1668 101 67
1669 101 67
1670 101 67
1671 101 67
1672 101 67
1673 101 67
1674 101 67
1675 101 67
1676 101 67
1677 101 67
1678 101 67
1679 101 67
1680 101 67
1681 101 67
1682 101 67
1683 101 67
1684 101 67
1685 101 67
1686 101 67
1687 101 67
1688 101 68
1689 101 68
1690 101 68
1691 101 68
1692 101 68
1693 101 68
1694 101 68
1695 101 68
1696 101 68
1697 101 68
1698 101 68
1699 101 68
1700 101 68
1701 101 68
1702 101 68
1703 101 68
1704 101 68
1705 101 68
1706 101 68
1707 101 68
1708 101 68
1709 101 68
1710 101 68
1711 101 68
1712 101 68
1713 101 68
1714 101 68
1715 101 68
1716 101 68
1717 101 68
1718 101 68
1719 101 68
1720 101 68
1721 101 68
1722 101 68
1723 101 68
1724 101 68
1725 101 68
1726 101 68
1727 101 68
1728 101 68
1729 101 68
1730 101 68
1731 101 68
1732 101 68
1733 101 68
1734 101 68
1735 101 68
1736 101 69
1737 101 69
1738 101 69
1739 101 69
1740 101 69
1741 101 69
1742 101 69
1743 101 69
1744 101 69
1745 101 69
1746 101 69
1747 101 69
1748 101 69
1749 101 69
1750 101 69
1751 101 69
1752 101 69
1753 101 69
1754 101 69
1755 101 69
1756 101 69
1757 101 69
1758 101 69
1759 101 69
1760 101 69
1761 101 69
1762 101 69
1763 101 69
1764 101 69
1765 101 69
1766 101 69
1767 101 69
1768 101 69
1769 101 69
1770 101 69
1771 101 69
1772 101 69
1773 101 69
1774 101 69
1775 101 69
1776 101 69
1777 101 69
1778 101 69
1779 101 69
1780 101 69
1781 101 69
1782 101 69
1783 101 69
1784 101 69
1785 101 69
1786 101 69
1787 101 69
1788 101 69
1789 101 69
1790 101 69
1791 101 69
1792 101 69
1793 101 69
1794 101 69
1795 101 70
1796 101 70
1797 101 70
1798 101 70
1799 101 70
1800 101 70
1801 101 70
1802 101 70
1803 101 70
1804 101 70
1805 101 70
1806 101 70
1807 101 70
1808 101 70
1809 101 70
1810 101 70
1811 101 70
1812 101 70
1813 101 70
1814 101 70
1815 101 70
1816 101 70
1817 101 70
1818 101 70
1819 101 70
1820 101 70
1821 101 70
1822 101 70
1823 101 70
1824 101 70
1825 101 70
1826 101 70
1827 101 70
1828 101 70
1829 101 70
1830 101 70
1831 101 70
1832 101 70
1833 101 70
1834 101 70
1835 101 70
1836 101 70
1837 101 70
1838 101 70
1839 101 70
1840 101 70
1841 101 70
1842 101 70
1843 101 70
1844 101 70
1845 101 70
1846 101 70
1847 101 70
1848 101 70
1849 101 70
1850 101 70
1851 101 70
1852 101 71
1853 101 71
1854 101 71
1855 101 71
1856 101 71
1857 101 71
1858 101 71
1859 101 71
1860 101 71
1861 101 71
1862 101 71
1863 101 71
1864 101 71
1865 101 71
1866 101 71
1867 101 71
1868 101 71
1869 101 71
1870 101 71
1871 101 71
1872 101 71
1873 101 71
1874 101 71
1875 101 71
1876 101 71
1877 101 71
1878 101 71
1879 101 71
1880 101 71
1881 101 71
1882 101 71
1883 101 71
1884 101 71
1885 101 71
1886 101 71
1887 101 71
1888 101 71
1889 101 71
1890 101 71
1891 101 71
1892 101 71
1893 101 71
1894 101 71
1895 101 71
1896 101 71
1897 101 71
1898 101 71
1899 101 71
1900 101 71
1901 101 71
1902 101 71
1903 101 71
1904 101 71
1905 101 71
1906 101 71
1907 101 71
1908 101 71
1909 101 71
1910 101 71
1911 101 71
1912 101 71
1913 101 71
1914 101 71
1915 101 71
1916 101 71
1917 101 72
1918 101 72
1919 101 72
1920 101 72
1921 101 72
1922 101 72
1923 101 72
1924 101 72
1925 101 72
1926 101 72
1927 101 72
1928 101 72
1929 101 72
1930 101 72
1931 101 72
1932 101 72
1933 101 72
1934 101 72
1935 101 72
1936 101 72
1937 101 72
1938 101 72
1939 101 72
1940 101 72
1941 101 72
1942 101 72
1943 101 72
1944 101 72
1945 101 72
1946 101 72
1947 101 72
1948 101 72
1949 101 72
1950 101 72
1951 101 72
1952 101 72
1953 101 72
1954 101 72
1955 101 72
1956 101 72
1957 101 72
1958 101 72
1959 101 72
1960 101 72
1961 101 72
1962 101 72
1963 101 72
1964 101 72
1965 101 72
1966 101 72
1967 101 72
1968 101 72
1969 101 72
1970 101 73
1971 101 73
1972 101 73
1973 101 73
1974 101 73
1975 101 73
1976 101 73
1977 101 73
1978 101 73
1979 101 73
1980 101 73
1981 101 73
1982 101 73
1983 101 73
1984 101 73
1985 101 73
1986 101 73
1987 101 73
1988 101 73
1989 101 73
1990 101 73
1991 101 73
1992 101 73
1993 101 73
1994 101 73
1995 101 73
1996 101 73
1997 101 73
1998 101 73
1999 101 73
2000 101 73
2001 101 73
2002 101 73
2003 101 73
2004 101 73
2005 101 73
2006 101 73
2007 101 73
2008 101 73
2009 101 73
2010 101 73
2011 101 73
2012 101 73
2013 101 73
2014 101 73
2015 101 73
2016 101 73
2017 101 73
2018 101 73
2019 101 73
2020 101 73
2021 101 73
2022 101 73
2023 101 73
2024 101 74
2025 101 74
2026 101 74
2027 101 74
2028 101 74
2029 101 74
2030 101 74
2031 101 74
2032 101 74
2033 101 74
2034 101 74
2035 101 74
2036 101 74
2037 101 74
2038 101 74
2039 101 74
2040 101 74
2041 101 74
2042 101 74
2043 101 74
2044 101 74
2045 101 74
2046 101 74
2047 101 74
2048 101 74
2049 101 74
2050 101 74
2051 101 74
2052 101 74
2053 101 74
2054 101 74
2055 101 74
2056 101 74
2057 101 74
2058 101 74
2059 101 74
2060 101 74
2061 101 74
2062 101 74
2063 101 74
2064 101 74
2065 101 74
2066 101 74
2067 101 74
2068 101 74
2069 101 74
2070 101 74
2071 101 74
2072 101 74
2073 101 74
2074 101 74
2075 101 74
2076 101 74
2077 101 74
2078 101 74
2079 101 74
2080 101 74
2081 101 74
2082 101 74
2083 101 74
2084 101 74
2085 101 75
2086 101 75
2087 101 75
2088 101 75
2089 101 75
2090 101 75
2091 101 75
2092 101 75
2093 101 75
2094 101 75
2095 101 75
2096 101 75
2097 101 75
2098 101 75
2099 101 75
2100 101 75
2101 101 75
2102 101 75
2103 101 75
2104 101 75
2105 101 75
2106 101 75
2107 101 75
2108 101 75
2109 101 75
2110 101 75
2111 101 75
2112 101 75
2113 101 75
2114 101 75
2115 101 75
2116 101 75
2117 101 75
2118 101 75
2119 101 75
2120 101 75
2121 101 75
2122 101 75
2123 101 75
2124 101 75
2125 101 75
2126 101 75
2127 101 75
2128 101 75
2129 101 75
2130 101 75
2131 101 75
2132 101 75
2133 101 75
2134 101 75
2135 101 75
2136 101 75
2137 101 75
2138 101 75
2139 101 75
2140 101 76
2141 101 76
2142 101 76
2143 101 76
2144 101 76
2145 101 76
2146 101 76
2147 101 76
2148 101 76
2149 101 76
2150 101 76
2151 101 76
2152 101 76
2153 101 76
2154 101 76
2155 101 76
2156 101 76
2157 101 76
2158 101 76
2159 101 76
2160 101 76
2161 101 76
2162 101 76
2163 101 76
2164 101 76
2165 101 76
2166 101 76
2167 101 76
2168 101 76
2169 101 76
2170 101 76
2171 101 76
2172 101 76
2173 101 76
2174 101 76
2175 101 76
2176 101 76
2177 101 76
2178 101 76
2179 101 76
2180 101 76
2181 101 76
2182 101 76
2183 101 76
2184 101 76
2185 101 76
2186 101 76
2187 101 76
2188 101 76
2189 101 76
2190 101 76
2191 101 76
2192 101 76
2193 101 76
2194 101 76
2195 101 76
2196 101 76
2197 101 76
2198 101 76
2199 101 76
2200 101 77
2201 101 77
2202 101 77
2203 101 77
2204 101 77
2205 101 77
2206 101 77
2207 101 77
2208 101 77
2209 101 77
2210 101 77
2211 101 77
2212 101 77
2213 101 77
2214 101 77
2215 101 77
2216 101 77
2217 101 77
2218 101 77
2219 101 77
2220 101 77
2221 101 77
2222 101 77
2223 101 77
2224 101 77
2225 101 77
2226 101 77
2227 101 77
2228 101 77
2229 101 77
2230 101 77
2231 101 77
2232 101 77
2233 101 77
2234 101 77
2235 101 77
2236 101 77
2237 101 77
2238 101 77
2239 101 77
2240 101 77
2241 101 77
2242 101 77
2243 101 77
2244 101 77
2245 101 77
2246 101 77
2247 101 78
2248 101 78
2249 101 78
2250 101 78
2251 101 78
2252 101 78
2253 101 78
2254 101 78
2255 101 78
2256 101 78
2257 101 78
2258 101 78
2259 101 78
2260 101 78
2261 101 78
2262 101 78
2263 101 78
2264 101 78
2265 101 78
2266 101 78
2267 101 78
2268 101 78
2269 101 78
2270 101 78
2271 101 78
2272 101 78
2273 101 78
2274 101 78
2275 101 78
2276 101 78
2277 101 78
2278 101 78
2279 101 78
2280 101 78
2281 101 78
2282 101 78
2283 101 78
2284 101 78
2285 101 78
2286 101 78
2287 101 78
2288 101 78
2289 101 78
2290 101 78
2291 101 78
2292 101 78
2293 101 78
2294 101 78
2295 101 78
2296 101 78
2297 101 78
2298 101 78
2299 101 78
2300 101 78
2301 101 78
2302 101 79
2303 101 79
2304 101 79
2305 101 79
2306 101 79
2307 101 79
2308 101 79
2309 101 79
2310 101 79
2311 101 79
2312 101 79
2313 101 79
2314 101 79
2315 101 79
2316 101 79
2317 101 79
2318 101 79
2319 101 79
2320 101 79
2321 101 79
2322 101 79
2323 101 79
2324 101 79
2325 101 79
2326 101 79
2327 101 79
2328 101 79
2329 101 79
2330 101 79
2331 101 79
2332 101 79
2333 101 79
2334 101 79
2335 101 79
2336 101 79
2337 101 79
2338 101 79
2339 101 79
2340 101 79
2341 101 79
2342 101 79
2343 101 79
2344 101 79
2345 101 79
2346 101 79
2347 101 79
2348 101 79
2349 101 79
2350 101 79
2351 101 79
2352 101 79
2353 101 79
2354 101 79
2355 101 80
2356 101 80
2357 101 80
2358 101 80
2359 101 80
2360 101 80
2361 101 80
2362 101 80
2363 101 80
2364 101 80
2365 101 80
2366 101 80
2367 101 80
2368 101 80
2369 101 80
2370 101 80
2371 101 80
2372 101 80
2373 101 80
2374 101 80
2375 101 80
2376 101 80
2377 101 80
2378 101 80
2379 101 80
2380 101 80
2381 101 80
2382 101 80
2383 101 80
2384 101 80
2385 101 80
2386 101 80
2387 101 80
2388 101 80
2389 101 80
2390 101 80
2391 101 80
2392 101 80
2393 101 80
2394 101 80
2395 101 80
2396 101 80
2397 101 80
2398 101 80
2399 101 80
2400 101 80
2401 101 80
2402 101 80
2403 101 80
2404 101 80
2405 101 80
2406 101 80
2407 101 80
2408 101 80
2409 101 80
2410 101 81
2411 101 81
2412 101 81
2413 101 81
2414 101 81
2415 101 81
2416 101 81
2417 101 81
2418 101 81
2419 101 81
2420 101 81
2421 101 81
2422 101 81
2423 101 81
2424 101 81
2425 101 81
2426 101 81
2427 101 81
2428 101 81
2429 101 81
2430 101 81
2431 101 81
2432 101 81
2433 101 81
2434 101 81
2435 101 81
2436 101 81
2437 101 81
2438 101 81
2439 101 81
2440 101 81
2441 101 81
2442 101 81
2443 101 81
2444 101 81
2445 101 81
2446 101 81
2447 101 81
2448 101 82
2449 101 82
2450 101 82
2451 101 82
2452 101 82
2453 101 82
2454 101 82
2455 101 82
2456 101 82
2457 101 82
2458 101 82
2459 101 82
2460 101 82
2461 101 82
2462 101 82
2463 101 82
2464 101 82
2465 101 82
2466 101 82
2467 101 82
2468 101 82
2469 101 82
2470 101 82
2471 101 82
2472 101 82
2473 101 82
2474 101 82
2475 101 82
2476 101 82
2477 101 82
2478 101 82
2479 101 82
2480 101 82
2481 101 82
2482 101 82
2483 101 82
2484 101 82
2485 101 82
2486 101 82
2487 101 82
2488 101 82
2489 101 83
2490 101 83
2491 101 83
2492 101 83
2493 101 83
2494 101 83
2495 101 83
2496 101 83
2497 101 83
2498 101 83
2499 101 83
2500 101 83
2501 101 83
2502 101 83
2503 101 83
2504 101 83
2505 101 83
2506 101 83
2507 101 83
2508 101 83
2509 101 83
2510 101 83
2511 101 83
2512 101 83
2513 101 83
2514 101 83
2515 101 83
2516 101 83
2517 101 83
2518 101 83
2519 101 83
2520 101 83
2521 101 83
2522 101 83
2523 101 83
2524 101 83
2525 101 83
2526 101 83
2527 101 83
2528 101 83
2529 101 83
2530 101 83
2531 101 83
2532 101 83
2533 101 83
2534 101 83
2535 101 83
2536 101 83
2537 101 83
2538 101 83
2539 101 83
2540 101 83
2541 101 83
2542 101 84
2543 101 84
2544 101 84
2545 101 84
2546 101 84
2547 101 84
2548 101 84
2549 101 84
2550 101 84
2551 101 84
2552 101 84
2553 101 84
2554 101 84
2555 101 84
2556 101 84
2557 101 84
2558 101 84
2559 101 84
2560 101 84
2561 101 84
2562 101 84
2563 101 84
2564 101 84
2565 101 84
2566 101 84
2567 101 84
2568 101 84
2569 101 84
2570 101 84
2571 101 84
2572 101 84
2573 101 84
2574 101 84
2575 101 84
2576 101 84
2577 101 84
2578 101 84
2579 101 84
2580 101 84
2581 101 84
2582 101 84
2583 101 84
2584 101 84
2585 101 84
2586 101 84
2587 101 84
2588 101 84
2589 101 84
2590 101 84
2591 101 84
2592 101 84
2593 101 84
2594 101 84
2595 101 84
2596 101 84
2597 101 84
2598 101 84
2599 101 84
2600 101 85
2601 101 85
2602 101 85
2603 101 85
2604 101 85
2605 101 85
2606 101 85
2607 101 85
2608 101 85
2609 101 85
2610 101 85
2611 101 85
2612 101 85
2613 101 85
2614 101 85
2615 101 85
2616 101 85
2617 101 85
2618 101 85
2619 101 85
2620 101 85
2621 101 85
2622 101 85
2623 101 85
2624 101 85
2625 101 85
2626 101 85
2627 101 85
2628 101 85
2629 101 85
2630 101 85
2631 101 85
2632 101 85
2633 101 85
2634 101 85
2635 101 85
2636 101 85
2637 101 85
2638 101 85
2639 101 85
2640 101 85
2641 101 85
2642 101 85
2643 101 85
2644 101 85
2645 101 85
2646 101 85
2647 101 85
2648 101 85
2649 101 85
2650 101 85
2651 101 85
2652 101 85
2653 101 85
2654 101 85
2655 101 86
2656 101 86
2657 101 86
2658 101 86
2659 101 86
2660 101 86
2661 101 86
2662 101 86
2663 101 86
2664 101 86
2665 101 86
2666 101 86
2667 101 86
2668 101 86
2669 101 86
2670 101 86
2671 101 86
2672 101 86
2673 101 86
2674 101 86
2675 101 86
2676 101 86
2677 101 86
2678 101 86
2679 101 86
2680 101 86
2681 101 86
2682 101 86
2683 101 86
2684 101 86
2685 101 86
2686 101 86
2687 101 86
2688 101 86
2689 101 86
2690 101 86
2691 101 86
2692 101 86
2693 101 86
2694 101 86
2695 101 86
2696 101 86
2697 101 86
2698 101 86
2699 101 86
2700 101 86
2701 101 86
2702 101 86
2703 101 86
2704 101 86
2705 101 86
2706 101 86
2707 101 87
2708 101 87
2709 101 87
2710 101 87
2711 101 87
2712 101 87
2713 101 87
2714 101 87
2715 101 87
2716 101 87
2717 101 87
2718 101 87
2719 101 87
2720 101 87
2721 101 87
2722 101 87
2723 101 87
2724 101 87
2725 101 87
2726 101 87
2727 101 87
2728 101 87
2729 101 87
2730 101 87
2731 101 87
2732 101 87
2733 101 87
2734 101 87
2735 101 87
2736 101 87
2737 101 87
2738 101 87
2739 101 87
2740 101 87
2741 101 87
2742 101 87
2743 101 87
2744 101 87
2745 101 87
2746 101 87
2747 101 87
2748 101 87
2749 101 87
2750 101 87
2751 101 87
2752 101 88
2753 101 88
2754 101 88
2755 101 88
2756 101 88
2757 101 88
2758 101 88
2759 101 88
2760 101 88
2761 101 88
2762 101 88
2763 101 88
2764 101 88
2765 101 88
2766 101 88
2767 101 88
2768 101 88
2769 101 88
2770 101 88
2771 101 88
2772 101 88
2773 101 88
2774 101 88
2775 101 88
2776 101 88
2777 101 88
2778 101 88
2779 101 88
2780 101 88
2781 101 88
2782 101 88
2783 101 88
2784 101 88
2785 101 88
2786 101 88
2787 101 88
2788 101 88
2789 101 88
2790 101 88
2791 101 89
2792 101 89
2793 101 89
2794 101 89
2795 101 89
2796 101 89
2797 101 89
2798 101 89
2799 101 89
2800 101 89
2801 101 89
2802 101 89
2803 101 89
2804 101 89
2805 101 89
2806 101 89
2807 101 89
2808 101 89
2809 101 89
2810 101 89
2811 101 89
2812 101 89
2813 101 89
2814 101 89
2815 101 89
2816 101 89
2817 101 89
2818 101 89
2819 101 89
2820 101 89
2821 101 89
2822 101 89
2823 101 89
2824 101 89
2825 101 89
2826 101 89
2827 101 90
2828 101 90
2829 101 90
2830 101 90
2831 101 90
2832 101 90
2833 101 90
2834 101 90
2835 101 90
2836 101 90
2837 101 90
2838 101 90
2839 101 90
2840 101 90
2841 101 90
2842 101 90
2843 101 90
2844 101 90
2845 101 90
2846 101 90
2847 101 90
2848 101 90
2849 101 90
2850 101 90
2851 101 90
2852 101 90
2853 101 90
2854 101 90
2855 101 90
2856 101 90
2857 101 90
2858 101 90
2859 101 90
2860 101 90
2861 101 90
2862 101 90
2863 101 90
2864 101 90
2865 101 90
2866 101 90
2867 101 90
2868 101 90
2869 101 90
2870 101 90
2871 101 90
2872 101 90
2873 101 90
2874 101 90
2875 101 90
2876 101 91
2877 101 91
2878 101 91
2879 101 91
2880 101 91
2881 101 91
2882 101 91
2883 101 91
2884 101 91
2885 101 91
2886 101 91
2887 101 91
2888 101 91
2889 101 91
2890 101 91
2891 101 91
2892 101 91
2893 101 91
2894 101 91
2895 101 91
2896 101 91
2897 101 91
2898 101 91
2899 101 91
2900 101 91
2901 101 91
2902 101 92
2903 101 92
2904 101 92
2905 101 92
2906 101 92
2907 101 92
2908 101 92
2909 101 92
2910 101 92
2911 101 92
2912 101 92
2913 101 92
2914 101 92
2915 101 92
2916 101 92
2917 101 92
2918 101 92
2919 101 92
2920 101 92
2921 101 92
2922 101 92
2923 101 92
2924 101 92
2925 101 92
2926 101 92
2927 101 92
2928 101 92
2929 101 92
2930 101 92
2931 101 92
2932 101 92
2933 101 92
2934 101 92
2935 101 92
2936 101 92
2937 101 92
2938 101 92
2939 101 93
2940 101 93
2941 101 93
2942 101 93
2943 101 93
2944 101 93
2945 101 93
2946 101 93
2947 101 93
2948 101 93
2949 101 93
2950 101 93
2951 101 93
2952 101 93
2953 101 93
2954 101 93
2955 101 93
2956 101 93
2957 101 93
2958 101 93
2959 101 93
2960 101 93
2961 101 93
2962 101 93
2963 101 93
2964 101 93
2965 101 93
2966 101 93
2967 101 93
2968 101 93
2969 101 93
2970 101 93
2971 101 93
2972 101 93
2973 101 93
2974 101 93
2975 101 93
2976 101 93
2977 101 93
2978 101 93
2979 101 93
2980 101 94
2981 101 94
2982 101 94
2983 101 94
2984 101 94
2985 101 94
2986 101 94
2987 101 94
2988 101 94
2989 101 94
2990 101 94
2991 101 94
2992 101 94
2993 101 94
2994 101 94
2995 101 94
2996 101 94
2997 101 94
2998 101 94
2999 101 94
3000 101 94
3001 101 94
3002 101 94
3003 101 94
3004 101 94
3005 101 94
3006 101 94
3007 101 94
3008 101 94
3009 101 94
3010 101 94
3011 101 94
3012 101 94
3013 101 94
3014 101 95
3015 101 95
3016 101 95
3017 101 95
3018 101 95
3019 101 95
3020 101 95
3021 101 95
3022 101 95
3023 101 95
3024 101 95
3025 101 95
3026 101 95
3027 101 95
3028 101 95
3029 101 95
3030 101 95
3031 101 95
3032 101 95
3033 101 95
3034 101 95
3035 101 95
3036 101 95
3037 101 95
3038 101 95
3039 101 95
3040 101 95
3041 101 95
3042 101 95
3043 101 95
3044 101 95
3045 101 95
3046 101 95
3047 101 95
3048 101 95
3049 101 95
3050 101 95
3051 101 95
3052 101 95
3053 101 96
3054 101 96
3055 101 96
3056 101 96
3057 101 96
3058 101 96
3059 101 96
3060 101 96
3061 101 96
3062 101 96
3063 101 96
3064 101 96
3065 101 96
3066 101 96
3067 101 96
3068 101 96
3069 101 96
3070 101 96
3071 101 96
3072 101 96
3073 101 96
3074 101 96
3075 101 96
3076 101 96
3077 101 96
3078 101 96
3079 101 96
3080 101 96
3081 101 96
3082 101 96
3083 101 96
3084 101 96
3085 101 96
3086 101 96
3087 101 96
3088 101 96
3089 101 96
3090 101 96
3091 101 96
3092 101 96
3093 101 97
3094 101 97
3095 101 97
3096 101 97
3097 101 97
3098 101 97
3099 101 97
3100 101 97
3101 101 97
3102 101 97
3103 101 97
3104 101 97
3105 101 97
3106 101 97
3107 101 97
3108 101 97
3109 101 97
3110 101 97
3111 101 97
3112 101 97
3113 101 97
3114 101 97
3115 101 97
3116 101 97
3117 101 97
3118 101 97
3119 101 97
3120 101 97
3121 101 97
3122 101 97
3123 101 97
3124 101 97
3125 101 97
3126 101 97
3127 101 97
3128 101 97
3129 101 97
3130 101 97
3131 101 97
3132 101 97
3133 101 97
3134 101 97
3135 101 97
3136 101 97
3137 101 97
3138 101 97
3139 101 97
3140 101 97
3141 101 98
3142 101 98
3143 101 98
3144 101 98
3145 101 98
3146 101 98
3147 101 98
3148 101 98
3149 101 98
3150 101 98
3151 101 98
3152 101 98
3153 101 98
3154 101 98
3155 101 98
3156 101 98
3157 101 98
3158 101 98
3159 101 98
3160 101 98
3161 101 98
3162 101 98
3163 101 98
3164 101 98
3165 101 98
3166 101 98
3167 101 98
3168 101 98
3169 101 98
3170 101 98
3171 101 98
3172 101 98
3173 101 98
3174 101 98
3175 101 98
3176 101 98
3177 101 98
3178 101 98
3179 101 98
3180 101 99
3181 101 99
3182 101 99
3183 101 99
3184 101 99
3185 101 99
3186 101 99
3187 101 99
3188 101 99
3189 101 99
3190 101 99
3191 101 99
3192 101 99
3193 101 99
3194 101 99
3195 101 99
3196 101 99
3197 101 99
3198 101 99
3199 101 99
3200 101 99
3201 101 99
3202 101 99
3203 101 99
3204 101 99
3205 101 99
3206 101 99
3207 101 99
3208 101 99
3209 101 99
3210 101 99
3211 101 99
3212 101 99
3213 101 99
3214 101 99
3215 101 99
3216 101 99
3217 101 99
3218 101 99
3219 101 99
3220 101 99
3221 101 99
3222 101 100
3223 101 100
3224 101 100
3225 101 100
3226 101 100
3227 101 100
3228 101 100
3229 101 100
3230 101 100
3231 101 100
3232 101 100
3233 101 100
3234 101 100
3235 101 100
3236 101 100
3237 101 100
3238 101 100
3239 101 100
3240 101 100
3241 101 100
3242 101 100
3243 101 100
3244 101 100
3245 101 100
3246 101 100
3247 101 100
3248 101 100
3249 101 100
3250 101 100
3251 101 100
3252 101 100
3253 101 100
3254 101 100
3255 101 100
3256 101 100
3257 101 101
3258 101 101
3259 101 101
3260 101 101
3261 101 101
3262 101 101
3263 101 101
3264 101 101
3265 101 101
3266 101 101
3267 101 101
3268 101 101
3269 101 101
3270 101 101
3271 101 101
3272 101 101
3273 101 101
3274 101 101
3275 101 101
3276 101 101
3277 101 101
3278 101 101
3279 101 101
3280 101 101
3281 101 101
3282 101 101
3283 101 101
3284 101 102
3285 101 102
3286 101 102
3287 101 102
3288 101 102
3289 101 102
3290 101 102
3291 101 102
3292 101 102
3293 101 102
3294 101 102
3295 101 102
3296 101 102
3297 101 102
3298 101 102
3299 101 102
3300 101 102
3301 101 102
3302 101 102
3303 101 102
3304 101 102
3305 101 102
3306 101 102
3307 101 102
3308 101 102
3309 101 102
3310 101 102
3311 101 102
3312 101 102
3313 101 102
3314 101 102
3315 101 102
3316 101 102
3317 101 102
3318 101 102
3319 101 102
3320 101 102
3321 101 102
3322 101 103
3323 101 103
3324 101 103
3325 101 103
3326 101 103
3327 101 103
3328 101 103
3329 101 103
3330 101 103
3331 101 103
3332 101 103
3333 101 103
3334 101 103
3335 101 103
3336 101 103
3337 101 103
3338 101 103
3339 101 103
3340 101 103
3341 101 103
3342 101 103
3343 101 103
3344 101 103
3345 101 103
3346 101 103
3347 101 103
3348 101 103
3349 101 103
3350 101 103
3351 101 103
3352 101 103
3353 101 103
3354 101 103
3355 101 103
3356 101 103
3357 101 103
3358 101 103
3359 101 103
3360 101 103
3361 101 103
3362 101 103
3363 101 103
3364 101 104
3365 101 104
3366 101 104
3367 101 104
3368 101 104
3369 101 104
3370 101 104
3371 101 104
3372 101 104
3373 101 104
3374 101 104
3375 101 104
3376 101 104
3377 101 104
3378 101 104
3379 101 104
3380 101 104
3381 101 104
3382 101 104
3383 101 104
3384 101 104
3385 101 104
3386 101 104
3387 101 104
3388 101 104
3389 101 104
3390 101 104
3391 101 104
3392 101 104
3393 101 104
3394 101 104
3395 101 104
3396 101 104
3397 101 104
3398 101 104
3399 101 104
3400 101 104
3401 101 104
3402 101 104
3403 101 104
3404 101 104
3405 101 104
3406 101 105
3407 101 105
3408 101 105
3409 101 105
3410 101 105
3411 101 105
3412 101 105
3413 101 105
3414 101 105
3415 101 105
3416 101 105
3417 101 105
3418 101 105
3419 101 105
3420 101 105
3421 101 105
3422 101 105
3423 101 105
3424 101 105
3425 101 105
3426 101 105
3427 101 105
3428 101 105
3429 101 105
3430 101 105
3431 101 105
3432 101 105
3433 101 105
3434 101 105
3435 101 105
3436 101 105
3437 101 105
3438 101 105
3439 101 105
3440 101 105
3441 101 105
3442 101 105
3443 101 105
3444 101 105
3445 101 105
3446 101 105
3447 101 105
3448 101 105
3449 101 105
3450 101 106
3451 101 106
3452 101 106
3453 101 106
3454 101 106
3455 101 106
3456 101 106
3457 101 106
3458 101 106
3459 101 106
3460 101 106
3461 101 106
3462 101 106
3463 101 106
3464 101 106
3465 101 106
3466 101 106
3467 101 106
3468 101 106
3469 101 106
3470 101 106
3471 101 106
3472 101 106
3473 101 106
3474 101 106
3475 101 106
3476 101 106
3477 101 106
3478 101 106
3479 101 106
3480 101 106
3481 101 106
3482 101 106
3483 101 106
3484 101 106
3485 101 107
3486 101 107
3487 101 107
3488 101 107
3489 101 107
3490 101 107
3491 101 107
3492 101 107
3493 101 107
3494 101 107
3495 101 107
3496 101 107
3497 101 107
3498 101 107
3499 101 107
3500 101 107
3501 101 107
3502 101 107
3503 101 107
3504 101 107
3505 101 107
3506 101 107
3507 101 107
3508 101 107
3509 101 107
3510 101 107
3511 101 107
3512 101 107
3513 101 107
3514 101 107
3515 101 107
3516 101 107
3517 101 107
3518 101 107
3519 101 107
3520 101 107
3521 101 107
3522 101 107
3523 101 107
3524 101 107
3525 101 108
3526 101 108
3527 101 108
3528 101 108
3529 101 108
3530 101 108
3531 101 108
3532 101 108
3533 101 108
3534 101 108
3535 101 108
3536 101 108
3537 101 108
3538 101 108
3539 101 108
3540 101 108
3541 101 108
3542 101 108
3543 101 108
3544 101 108
3545 101 108
3546 101 108
3547 101 108
3548 101 108
3549 101 108
3550 101 108
3551 101 109
3552 101 109
3553 101 109
3554 101 109
3555 101 109
3556 101 109
3557 101 109
3558 101 109
3559 101 109
3560 101 109
3561 101 109
3562 101 109
3563 101 109
3564 101 109
3565 101 109
3566 101 109
3567 101 109
3568 101 109
3569 101 109
3570 101 109
3571 101 109
3572 101 109
3573 101 109
3574 101 109
3575 101 109
3576 101 109
3577 101 109
3578 101 109
3579 101 109
3580 101 109
3581 101 109
3582 101 109
3583 101 109
3584 101 110
3585 101 110
3586 101 110
3587 101 110
3588 101 110
3589 101 110
3590 101 110
3591 101 110
3592 101 110
3593 101 110
3594 101 110
3595 101 110
3596 101 110
3597 101 110
3598 101 110
3599 101 110
3600 101 110
3601 101 110
3602 101 110
3603 101 110
3604 101 110
3605 101 110
3606 101 110
3607 101 110
3608 101 110
3609 101 110
3610 101 110
3611 101 110
3612 101 110
3613 101 110
3614 101 110
3615 101 110
3616 101 110
3617 101 110
3618 101 111
3619 101 111
3620 101 111
3621 101 111
3622 101 111
3623 101 111
3624 101 111
3625 101 111
3626 101 111
3627 101 111
3628 101 111
3629 101 111
3630 101 111
3631 101 111
3632 101 111
3633 101 111
3634 101 111
3635 101 111
3636 101 111
3637 101 111
3638 101 111
3639 101 111
3640 101 111
3641 101 111
3642 101 111
3643 101 111
3644 101 111
3645 101 111
3646 101 111
3647 101 111
3648 101 111
3649 101 112
3650 101 112
3651 101 112
3652 101 112
3653 101 112
3654 101 112
3655 101 112
3656 101 112
3657 101 112
3658 101 112
3659 101 112
3660 101 112
3661 101 112
3662 101 112
3663 101 112
3664 101 112
3665 101 112
3666 101 112
3667 101 112
3668 101 112
3669 101 112
3670 101 112
3671 101 112
3672 101 112
3673 101 112
3674 101 112
3675 101 112
3676 101 112
3677 101 112
3678 101 112
3679 101 112
3680 101 113
3681 101 113
3682 101 113
3683 101 113
3684 101 113
3685 101 113
3686 101 113
3687 101 113
3688 101 113
3689 101 113
3690 101 113
3691 101 113
3692 101 113
3693 101 113
3694 101 113
3695 101 113
3696 101 113
3697 101 113
3698 101 113
3699 101 113
3700 101 113
3701 101 113
3702 101 113
3703 101 113
3704 101 113
3705 101 113
3706 101 113
3707 101 113
3708 101 114
3709 101 114
3710 101 114
3711 101 114
3712 101 114
3713 101 114
3714 101 114
3715 101 114
3716 101 114
3717 101 114
3718 101 114
3719 101 114
3720 101 114
3721 101 114
3722 101 114
3723 101 114
3724 101 114
3725 101 114
3726 101 114
3727 101 114
3728 101 114
3729 101 114
3730 101 114
3731 101 114
3732 101 114
3733 101 114
3734 101 114
3735 101 114
3736 101 114
3737 101 114
3738 101 114
3739 101 114
3740 101 114
3741 101 114
3742 101 114
3743 101 114
3744 101 114
3745 101 114
3746 101 114
3747 101 115
3748 101 115
3749 101 115
3750 101 115
3751 101 115
3752 101 115
3753 101 115
3754 101 115
3755 101 115
3756 101 115
3757 101 115
3758 101 115
3759 101 115
3760 101 115
3761 101 115
3762 101 115
3763 101 115
3764 101 115
3765 101 115
3766 101 115
3767 101 115
3768 101 115
3769 101 115
3770 101 115
3771 101 115
3772 101 115
3773 101 115
3774 101 115
3775 101 115
3776 101 115
3777 101 115
3778 101 115
3779 101 116
3780 101 116
3781 101 116
3782 101 116
3783 101 116
3784 101 116
3785 101 116
3786 101 116
3787 101 116
3788 101 116
3789 101 116
3790 101 116
3791 101 116
3792 101 116
3793 101 116
3794 101 116
3795 101 116
3796 101 116
3797 101 116
3798 101 116
3799 101 116
3800 101 116
3801 101 116
3802 101 116
3803 101 116
3804 101 117
3805 101 117
3806 101 117
3807 101 117
3808 101 117
3809 101 117
3810 101 117
3811 101 117
3812 101 117
3813 101 117
3814 101 117
3815 101 117
3816 101 117
3817 101 117
3818 101 117
3819 101 117
3820 101 117
3821 101 117
3822 101 117
3823 101 117
3824 101 117
3825 101 117
3826 101 117
3827 101 117
3828 101 117
3829 101 117
3830 101 117
3831 101 117
3832 101 118
3833 101 118
3834 101 118
3835 101 118
3836 101 118
3837 101 118
3838 101 118
3839 101 118
3840 101 118
3841 101 118
3842 101 118
3843 101 118
3844 101 118
3845 101 118
3846 101 118
3847 101 118
3848 101 118
3849 101 118
3850 101 118
3851 101 118
3852 101 118
3853 101 118
3854 101 118
3855 101 118
3856 101 118
3857 101 118
3858 101 118
3859 101 118
3860 101 118
3861 101 118
3862 101 118
3863 101 118
3864 101 118
3865 101 118
3866 101 118
3867 101 118
3868 101 119
3869 101 119
3870 101 119
3871 101 119
3872 101 119
3873 101 119
3874 101 119
3875 101 119
3876 101 119
3877 101 119
3878 101 119
3879 101 119
3880 101 119
3881 101 119
3882 101 119
3883 101 119
3884 101 119
3885 101 119
3886 101 119
3887 101 119
3888 101 119
3889 101 119
3890 101 119
3891 101 119
3892 101 119
3893 101 119
3894 101 119
3895 101 119
3896 101 119
3897 101 119
3898 101 119
3899 101 119
3900 101 120
3901 101 120
3902 101 120
3903 101 120
3904 101 120
3905 101 120
3906 101 120
3907 101 120
3908 101 120
3909 101 120
3910 101 120
3911 101 120
3912 101 120
3913 101 120
3914 101 120
3915 101 120
3916 101 120
3917 101 120
3918 101 120
3919 101 120
3920 101 120
3921 101 120
3922 101 120
3923 101 120
3924 101 120
3925 101 120
3926 101 120
3927 101 120
3928 101 120
3929 101 120
3930 101 121
3931 101 121
3932 101 121
3933 101 121
3934 101 121
3935 101 121
3936 101 121
3937 101 121
3938 101 121
3939 101 121
3940 101 121
3941 101 121
3942 101 121
3943 101 121
3944 101 121
3945 101 121
3946 101 121
3947 101 121
3948 101 121
3949 101 121
3950 101 121
3951 101 121
3952 101 121
3953 101 121
3954 101 121
3955 101 121
3956 101 121
3957 101 121
3958 101 121
3959 101 122
3960 101 122
3961 101 122
3962 101 122
3963 101 122
3964 101 122
3965 101 122
3966 101 122
3967 101 122
3968 101 122
3969 101 122
3970 101 122
3971 101 122
3972 101 122
3973 101 122
3974 101 122
3975 101 122
3976 101 122
3977 101 122
3978 101 122
3979 101 122
3980 101 122
3981 101 122
3982 101 122
3983 101 122
3984 101 122
3985 101 122
3986 101 122
3987 101 122
3988 101 122
3989 101 122
3990 101 122
3991 101 123
3992 101 123
3993 101 123
3994 101 123
3995 101 123
3996 101 123
3997 101 123
3998 101 123
3999 101 123
4000 101 123
4001 101 123
4002 101 123
4003 101 123
4004 101 123
4005 101 123
4006 101 123
4007 101 123
4008 101 123
4009 101 123
4010 101 123
4011 101 123
4012 101 123
4013 101 123
4014 101 123
4015 101 123
4016 101 123
4017 101 123
4018 101 123
4019 101 123
4020 101 123
4021 101 123
4022 101 123
4023 101 123
4024 101 123
4025 101 123
4026 101 124
4027 101 124
4028 101 124
4029 101 124
4030 101 124
4031 101 124
4032 101 124
4033 101 124
4034 101 124
4035 101 124
4036 101 124
4037 101 124
4038 101 124
4039 101 124
4040 101 124
4041 101 124
4042 101 124
4043 101 124
4044 101 124
4045 101 124
4046 101 124
4047 101 124
4048 101 124
4049 101 124
4050 101 124
4051 101 124
4052 101 124
4053 101 124
4054 101 124
4055 101 124
4056 101 124
4057 101 124
4058 101 125
4059 101 125
4060 101 125
4061 101 125
4062 101 125
4063 101 125
4064 101 125
4065 101 125
4066 101 125
4067 101 125
4068 101 125
4069 101 125
4070 101 125
4071 101 125
4072 101 125
4073 101 125
4074 101 125
4075 101 125
4076 101 125
4077 101 125
4078 101 125
4079 101 125
4080 101 125
4081 101 125
4082 101 125
4083 101 125
4084 101 125
4085 101 125
4086 101 125
4087 101 125
4088 101 126
4089 101 126
4090 101 126
4091 101 126
4092 101 126
4093 101 126
4094 101 126
4095 101 126
4096 101 126
4097 101 126
4098 101 126
4099 101 126
4100 101 126
4101 101 126
4102 101 126
4103 101 126
4104 101 126
4105 101 126
4106 101 126
4107 101 126
4108 101 126
4109 101 126
4110 101 126
4111 101 126
4112 101 126
4113 101 126
4114 101 126
4115 101 126
4116 101 126
4117 101 126
4118 101 127
4119 101 127
4120 101 127
4121 101 127
4122 101 127
4123 101 127
4124 101 127
4125 101 127
4126 101 127
4127 101 127
4128 101 127
4129 101 127
4130 101 127
4131 101 127
4132 101 127
4133 101 127
4134 101 127
4135 101 127
4136 101 127
4137 101 127
4138 101 127
4139 101 127
4140 101 128
4141 101 128
4142 101 128
4143 101 128
4144 101 128
4145 101 128
4146 101 128
4147 101 128
4148 101 128
4149 101 128
4150 101 128
4151 101 128
4152 101 128
4153 101 128
4154 101 128
4155 101 128
4156 101 128
4157 101 128
4158 101 128
4159 101 128
4160 101 128
4161 101 128
4162 101 128
4163 101 128
4164 101 128
4165 101 128
4166 101 128
4167 101 128
4168 101 128
4169 101 128
4170 101 128
4171 101 128
4172 101 128
4173 101 128
4174 101 128
4175 101 129
4176 101 129
4177 101 129
4178 101 129
4179 101 129
4180 101 129
4181 101 129
4182 101 129
4183 101 129
4184 101 129
4185 101 129
4186 101 129
4187 101 129
4188 101 129
4189 101 129
4190 101 129
4191 101 129
4192 101 129
4193 101 129
4194 101 129
4195 101 129
4196 101 129
4197 101 129
4198 101 129
4199 101 129
4200 101 129
4201 101 129
4202 101 129
4203 101 130
4204 101 130
4205 101 130
4206 101 130
4207 101 130
4208 101 130
4209 101 130
4210 101 130
4211 101 130
4212 101 130
4213 101 130
4214 101 130
4215 101 130
4216 101 130
4217 101 130
4218 101 130
4219 101 130
4220 101 130
4221 101 130
4222 101 130
4223 101 130
4224 101 130
4225 101 130
4226 101 130
4227 101 130
4228 101 130
4229 101 131
4230 101 131
4231 101 131
4232 101 131
4233 101 131
4234 101 131
4235 101 131
4236 101 131
4237 101 131
4238 101 131
4239 101 131
4240 101 131
4241 101 131
4242 101 131
4243 101 131
4244 101 131
4245 101 131
4246 101 132
4247 101 132
4248 101 132
4249 101 132
4250 101 132
4251 101 132
4252 101 132
4253 101 132
4254 101 132
4255 101 132
4256 101 132
4257 101 132
4258 101 132
4259 101 132
4260 101 132
4261 101 132
4262 101 132
4263 101 132
4264 101 132
4265 101 132
4266 101 132
4267 101 132
4268 101 132
4269 101 132
4270 101 132
4271 101 133
4272 101 133
4273 101 133
4274 101 133
4275 101 133
4276 101 133
4277 101 133
4278 101 133
4279 101 133
4280 101 133
4281 101 133
4282 101 133
4283 101 133
4284 101 133
4285 101 133
4286 101 133
4287 101 133
4288 101 133
4289 101 133
4290 101 133
4291 101 134
4292 101 134
4293 101 134
4294 101 134
4295 101 134
4296 101 134
4297 101 134
4298 101 134
4299 101 134
4300 101 134
4301 101 134
4302 101 134
4303 101 134
4304 101 134
4305 101 134
4306 101 134
4307 101 134
4308 101 134
4309 101 134
4310 101 134
4311 101 135
4312 101 135
4313 101 135
4314 101 135
4315 101 135
4316 101 135
4317 101 135
4318 101 135
4319 101 135
4320 101 135
4321 101 135
4322 101 135
4323 101 135
4324 101 135
4325 101 135
4326 101 135
4327 101 135
4328 101 135
4329 101 135
4330 101 135
4331 101 135
4332 101 135
4333 101 135
4334 101 135
4335 101 135
4336 101 135
4337 101 135
4338 101 136
4339 101 136
4340 101 136
4341 101 136
4342 101 136
4343 101 136
4344 101 136
4345 101 136
4346 101 136
4347 101 136
4348 101 136
4349 101 136
4350 101 136
4351 101 136
4352 101 136
4353 101 136
4354 101 136
4355 101 136
4356 101 136
4357 101 136
4358 101 136
4359 101 136
4360 101 136
4361 101 136
4362 101 136
4363 101 136
4364 101 136
4365 101 136
4366 101 136
4367 101 136
4368 101 137
4369 101 137
4370 101 137
4371 101 137
4372 101 137
4373 101 137
4374 101 137
4375 101 137
4376 101 137
4377 101 137
4378 101 137
4379 101 137
4380 101 137
4381 101 137
4382 101 137
4383 101 137
4384 101 137
4385 101 137
4386 101 138
4387 101 138
4388 101 138
4389 101 138
4390 101 138
4391 101 138
4392 101 138
4393 101 138
4394 101 138
4395 101 138
4396 101 138
4397 101 138
4398 101 138
4399 101 138
4400 101 138
4401 101 138
4402 101 138
4403 101 138
4404 101 138
4405 101 138
4406 101 138
4407 101 138
4408 101 138
4409 101 138
4410 101 139
4411 101 139
4412 101 139
4413 101 139
4414 101 139
4415 101 139
4416 101 139
4417 101 139
4418 101 139
4419 101 139
4420 101 139
4421 101 139
4422 101 139
4423 101 139
4424 101 139
4425 101 139
4426 101 139
4427 101 139
4428 101 139
4429 101 140
4430 101 140
4431 101 140
4432 101 140
4433 101 140
4434 101 140
4435 101 140
4436 101 140
4437 101 140
4438 101 140
4439 101 140
4440 101 140
4441 101 140
4442 101 140
4443 101 140
4444 101 140
4445 101 141
4446 101 141
4447 101 141
4448 101 141
4449 101 141
4450 101 141
4451 101 141
4452 101 141
4453 101 141
4454 101 141
4455 101 141
4456 101 141
4457 101 141
4458 101 141
4459 101 141
4460 101 141
4461 101 142
4462 101 142
4463 101 142
4464 101 142
4465 101 142
4466 101 142
4467 101 142
4468 101 142
4469 101 142
4470 101 142
4471 101 142
4472 101 142
4473 101 142
4474 101 142
4475 101 142
4476 101 142
4477 101 142
4478 101 142
4479 101 142
4480 101 142
4481 101 142
4482 101 142
4483 101 142
4484 101 142
4485 101 142
4486 101 143
4487 101 143
4488 101 143
4489 101 143
4490 101 143
4491 101 143
4492 101 143
4493 101 143
4494 101 143
4495 101 143
4496 101 143
4497 101 143
4498 101 143
4499 101 143
4500 101 143
4501 101 143
4502 101 143
4503 101 143
4504 101 144
4505 101 144
4506 101 144
4507 101 144
4508 101 144
4509 101 144
4510 101 144
4511 101 144
4512 101 144
4513 101 144
4514 101 144
4515 101 144
4516 101 144
4517 101 144
4518 101 144
4519 101 144
4520 101 144
4521 101 144
4522 101 144
4523 101 144
4524 101 144
4525 101 145
4526 101 145
4527 101 145
4528 101 145
4529 101 145
4530 101 145
4531 101 145
4532 101 145
4533 101 145
4534 101 145
4535 101 145
4536 101 145
4537 101 146
4538 101 146
4539 101 146
4540 101 146
4541 101 146
4542 101 146
4543 101 146
4544 101 146
4545 101 146
4546 101 146
4547 101 146
4548 101 146
4549 101 146
4550 101 146
4551 101 146
4552 101 146
4553 101 146
4554 101 146
4555 101 147
4556 101 147
4557 101 147
4558 101 147
4559 101 147
4560 101 147
4561 101 147
4562 101 147
4563 101 147
4564 101 147
4565 101 147
4566 101 147
4567 101 147
4568 101 147
4569 101 147
4570 101 147
4571 101 147
4572 101 147
4573 101 147
4574 101 147
4575 101 147
4576 101 147
4577 101 148
4578 101 148
4579 101 148
4580 101 148
4581 101 148
4582 101 148
4583 101 148
4584 101 148
4585 101 148
4586 101 148
4587 101 148
4588 101 148
4589 101 148
4590 101 148
4591 101 148
4592 101 148
4593 101 148
4594 101 148
4595 101 148
4596 101 148
4597 101 148
4598 101 148
4599 101 148
4600 101 148
4601 101 149
4602 101 149
4603 101 149
4604 101 149
4605 101 149
4606 101 149
4607 101 149
4608 101 149
4609 101 149
4610 101 149
4611 101 149
4612 101 149
4613 101 149
4614 101 149
4615 101 149
4616 101 149
4617 101 149
4618 101 149
4619 101 149
4620 101 149
4621 101 149
4622 101 149
4623 101 150
4624 101 150
4625 101 150
4626 101 150
4627 101 150
4628 101 150
4629 101 150
4630 101 150
4631 101 150
4632 101 150
4633 101 150
4634 101 150
4635 101 150
4636 101 150
4637 101 150
4638 101 151
4639 101 151
4640 101 151
4641 101 151
4642 101 151
4643 101 151
4644 101 151
4645 101 151
4646 101 151
4647 101 151
4648 101 151
4649 101 151
4650 101 151
4651 101 151
4652 101 151
4653 101 151
4654 101 152
4655 101 152
4656 101 152
4657 101 152
4658 101 152
4659 101 152
4660 101 152
4661 101 152
4662 101 152
4663 101 152
4664 101 152
4665 101 152
4666 101 152
4667 101 152
4668 101 152
4669 101 152
4670 101 152
4671 101 152
4672 101 152
4673 101 152
4674 101 152
4675 101 152
4676 101 152
4677 101 152
4678 101 152
4679 101 152
4680 101 153
4681 101 153
4682 101 153
4683 101 153
4684 101 153
4685 101 153
4686 101 153
4687 101 153
4688 101 153
4689 101 153
4690 101 153
4691 101 153
4692 101 153
4693 101 153
4694 101 153
4695 101 153
4696 101 153
4697 101 153
4698 101 153
4699 101 153
4700 101 153
4701 101 153
4702 101 153
4703 101 153
4704 101 153
4705 101 154
4706 101 154
4707 101 154
4708 101 154
4709 101 154
4710 101 154
4711 101 154
4712 101 154
4713 101 154
4714 101 154
4715 101 154
4716 101 154
4717 101 154
4718 101 154
4719 101 154
4720 101 154
4721 101 154
4722 101 154
4723 101 154
4724 101 154
4725 101 154
4726 101 154
4727 101 154
4728 101 154
4729 101 154
4730 101 154
4731 101 154
4732 101 154
4733 101 155
4734 101 155
4735 101 155
4736 101 155
4737 101 155
4738 101 155
4739 101 155
4740 101 155
4741 101 155
4742 101 155
4743 101 155
4744 101 155
4745 101 155
4746 101 155
4747 101 155
4748 101 155
4749 101 155
4750 101 155
4751 101 156
4752 101 156
4753 101 156
4754 101 156
4755 101 156
4756 101 156
4757 101 156
4758 101 156
4759 101 156
4760 101 156
4761 101 156
4762 101 157
4763 101 157
4764 101 157
4765 101 157
4766 101 157
4767 101 157
4768 101 157
4769 101 157
4770 101 157
4771 101 157
4772 101 157
4773 101 157
4774 101 157
4775 101 157
4776 101 157
4777 101 157
4778 101 157
4779 101 157
4780 101 158
4781 101 158
4782 101 158
4783 101 158
4784 101 158
4785 101 158
4786 101 158
4787 101 158
4788 101 158
4789 101 158
4790 101 158
4791 101 158
4792 101 158
4793 101 158
4794 101 158
4795 101 158
4796 101 158
4797 101 158
4798 101 158
4799 101 159
4800 101 159
4801 101 159
4802 101 159
4803 101 159
4804 101 159
4805 101 159
4806 101 159
4807 101 159
4808 101 159
4809 101 159
4810 101 159
4811 101 159
4812 101 159
4813 101 159
4814 101 159
4815 101 159
4816 101 159
4817 101 160
4818 101 160
4819 101 160
4820 101 160
4821 101 160
4822 101 160
4823 101 160
4824 101 160
4825 101 160
4826 101 161
4827 101 161
4828 101 161
4829 101 161
4830 101 161
4831 101 161
4832 101 161
4833 101 161
4834 101 161
4835 101 161
4836 101 161
4837 101 161
4838 101 161
4839 101 161
4840 101 162
4841 101 162
4842 101 162
4843 101 162
4844 101 162
4845 101 162
4846 101 162
4847 101 162
4848 101 162
4849 101 162
4850 101 162
4851 101 162
4852 101 162
4853 101 163
4854 101 163
4855 101 163
4856 101 163
4857 101 163
4858 101 163
4859 101 163
4860 101 163
4861 101 163
4862 101 163
4863 101 163
4864 101 163
4865 101 163
4866 101 163
4867 101 164
4868 101 164
4869 101 164
4870 101 164
4871 101 164
4872 101 164
4873 101 164
4874 101 164
4875 101 164
4876 101 164
4877 101 164
4878 101 164
4879 101 164
4880 101 164
4881 101 164
4882 101 164
4883 101 164
4884 101 164
4885 101 164
4886 101 164
4887 101 165
4888 101 165
4889 101 165
4890 101 165
4891 101 165
4892 101 165
4893 101 165
4894 101 165
4895 101 165
4896 101 165
4897 101 165
4898 101 165
4899 101 165
4900 101 165
4901 101 165
4902 101 165
4903 101 165
4904 101 165
4905 101 166
4906 101 166
4907 101 166
4908 101 166
4909 101 166
4910 101 166
4911 101 166
4912 101 166
4913 101 166
4914 101 166
4915 101 166
4916 101 166
4917 101 166
4918 101 166
4919 101 166
4920 101 166
4921 101 166
4922 101 166
4923 101 166
4924 101 166
4925 101 167
4926 101 167
4927 101 167
4928 101 167
4929 101 167
4930 101 167
4931 101 167
4932 101 167
4933 101 167
4934 101 167
4935 101 167
4936 101 167
4937 101 167
4938 101 167
4939 101 168
4940 101 168
4941 101 168
4942 101 168
4943 101 168
4944 101 168
4945 101 168
4946 101 168
4947 101 168
4948 101 168
4949 101 168
4950 101 168
4951 101 168
4952 101 168
4953 101 168
4954 101 169
4955 101 169
4956 101 169
4957 101 169
4958 101 169
4959 101 169
4960 101 169
4961 101 169
4962 101 169
4963 101 169
4964 101 169
4965 101 169
4966 101 169
4967 101 169
4968 101 169
4969 101 170
4970 101 170
4971 101 170
4972 101 170
4973 101 170
4974 101 170
4975 101 170
4976 101 170
4977 101 170
4978 101 170
4979 101 170
4980 101 170
4981 101 170
4982 101 170
4983 101 170
4984 101 170
4985 101 171
4986 101 171
4987 101 171
4988 101 171
4989 101 171
4990 101 171
4991 101 171
4992 101 171
4993 101 172
4994 101 172
4995 101 172
4996 101 172
4997 101 172
4998 101 172
4999 101 172
5000 101 172
5001 101 172
5002 101 172
5003 101 172
5004 101 173
5005 101 173
5006 101 173
5007 101 173
5008 101 173
5009 101 173
5010 101 173
5011 101 173
5012 101 173
5013 101 173
5014 101 173
5015 101 174
5016 101 174
5017 101 174
5018 101 174
5019 101 174
5020 101 174
5021 101 174
5022 101 174
5023 101 174
5024 101 174
5025 101 174
5026 101 174
5027 101 174
5028 101 174
5029 101 174
5030 101 175
5031 101 175
5032 101 175
5033 101 175
5034 101 175
5035 101 175
5036 101 175
5037 101 175
5038 101 175
5039 101 175
5040 101 175
5041 101 175
5042 101 175
5043 101 176
5044 101 176
5045 101 176
5046 101 176
5047 101 176
5048 101 176
5049 101 176
5050 101 176
5051 101 176
5052 101 176
5053 101 176
5054 101 176
5055 101 177
5056 101 177
5057 101 177
5058 101 177
5059 101 177
5060 101 177
5061 101 177
5062 101 177
5063 101 177
5064 101 177
5065 101 177
5066 101 177
5067 101 177
5068 101 177
5069 101 178
5070 101 178
5071 101 178
5072 101 178
5073 101 178
5074 101 178
5075 101 178
5076 101 178
5077 101 178
5078 101 178
5079 101 179
5080 101 179
5081 101 179
5082 101 179
5083 101 179
5084 101 179
5085 101 179
5086 101 179
5087 101 179
5088 101 179
5089 101 179
5090 101 179
5091 101 179
5092 101 179
5093 101 179
5094 101 179
5095 101 180
5096 101 180
5097 101 180
5098 101 180
5099 101 180
5100 101 180
5101 101 180
5102 101 180
5103 101 180
5104 101 180
5105 101 180
5106 101 180
5107 101 181
5108 101 181
5109 101 181
5110 101 181
5111 101 181
5112 101 181
5113 101 181
5114 101 181
5115 101 181
5116 101 181
5117 101 181
5118 101 181
5119 101 181
5120 101 182
5121 101 182
5122 101 182
5123 101 182
5124 101 182
5125 101 182
5126 101 182
5127 101 182
5128 101 182
5129 101 183
5130 101 183
5131 101 183
5132 101 183
5133 101 183
5134 101 183
5135 101 183
5136 101 184
5137 101 184
5138 101 184
5139 101 184
5140 101 184
5141 101 185
5142 101 185
5143 101 185
5144 101 185
5145 101 185
5146 101 185
5147 101 185
5148 101 185
5149 101 185
5150 101 185
5151 101 185
5152 101 186
5153 101 186
5154 101 186
5155 101 186
5156 101 186
5157 101 186
5158 101 187
5159 101 187
5160 101 187
5161 101 187
5162 101 187
5163 101 187
5164 101 187
5165 101 187
5166 101 187
5167 101 188
5168 101 188
5169 101 188
5170 101 188
5171 101 188
5172 101 188
5173 101 188
5174 101 188
5175 101 188
5176 101 188
5177 101 188
5178 101 189
5179 101 189
5180 101 189
5181 101 189
5182 101 189
5183 101 189
5184 101 189
5185 101 189
5186 101 189
5187 101 189
5188 101 189
5189 101 189
5190 101 189
5191 101 189
5192 101 190
5193 101 190
5194 101 190
5195 101 190
5196 101 190
5197 101 190
5198 101 191
5199 101 191
5200 101 191
5201 101 192
5202 101 192
5203 101 192
5204 101 192
5205 101 192
5206 101 192
5207 101 192
5208 101 192
5209 101 192
5210 101 193
5211 101 193
5212 101 193
5213 101 193
5214 101 193
5215 101 193
5216 101 193
5217 101 193
5218 101 193
5219 101 193
5220 101 194
5221 101 194
5222 101 194
5223 101 194
5224 101 194
5225 101 194
5226 101 194
5227 101 194
5228 101 194
5229 101 194
5230 101 194
5231 101 194
5232 101 195
5233 101 195
5234 101 195
5235 101 195
5236 101 195
5237 101 195
5238 101 195
5239 101 196
5240 101 196
5241 101 196
5242 101 196
5243 101 196
5244 101 196
5245 101 196
5246 101 196
5247 101 196
5248 101 197
5249 101 197
5250 101 197
5251 101 197
5252 101 197
5253 101 197
5254 101 197
5255 101 197
5256 101 197
5257 101 197
5258 101 197
5259 101 198
5260 101 198
5261 101 198
5262 101 198
5263 101 198
5264 101 198
5265 101 198
5266 101 199
5267 101 199
5268 101 199
5269 101 200
5270 101 200
5271 101 200
5272 101 200
5273 101 200
5274 101 201
5275 101 201
5276 101 201
5277 101 201
5278 101 201
5279 101 201
5280 101 201
5281 101 201
5282 101 202
5283 101 202
5284 101 202
5285 101 202
5286 101 202
5287 101 202
5288 101 202
5289 101 202
5290 101 203
5291 101 203
5292 101 203
5293 101 203
5294 101 203
5295 101 203
5296 101 203
5297 101 204
5298 101 204
5299 101 204
5300 101 204
5301 101 204
5302 101 205
5303 101 205
5304 101 205
5305 101 205
5306 101 205
5307 101 205
5308 101 205
5309 101 206
5310 101 206
5311 101 206
5312 101 206
5313 101 206
5314 101 207
5315 101 207
5316 101 207
5317 101 207
5318 101 207
5319 101 207
5320 101 207
5321 101 207
5322 101 208
5323 101 208
5324 101 208
5325 101 208
5326 101 208
5327 101 208
5328 101 209
5329 101 209
5330 101 209
5331 101 209
5332 101 209
5333 101 209
5334 101 210
5335 101 210
5336 101 210
5337 101 210
5338 101 210
5339 101 211
5340 101 211
5341 101 211
5342 101 211
5343 101 211
5344 101 211
5345 101 211
5346 101 211
5347 101 211
5348 101 212
5349 101 212
5350 101 212
5351 101 212
5352 101 212
5353 101 212
5354 101 212
5355 101 212
5356 101 213
5357 101 213
5358 101 213
5359 101 213
5360 101 214
5361 101 214
5362 101 214
5363 101 214
5364 101 214
5365 101 214
5366 101 214
5367 101 215
5368 101 215
5369 101 215
5370 101 215
5371 101 215
5372 101 215
5373 101 215
5374 101 215
5375 101 216
5376 101 217
5377 101 217
5378 101 217
5379 101 217
5380 101 217
5381 101 217
5382 101 217
5383 101 217
5384 101 217
5385 101 217
5386 101 218
5387 101 218
5388 101 218
5389 101 218
5390 101 218
5391 101 218
5392 101 218
5393 101 218
5394 101 219
5395 101 219
5396 101 219
5397 101 219
5398 101 219
5399 101 219
5400 101 219
5401 101 220
5402 101 220
5403 101 220
5404 101 220
5405 101 220
5406 101 220
5407 101 220
5408 101 220
5409 101 220
5410 101 221
5411 101 221
5412 101 221
5413 101 221
5414 101 222
5415 101 222
5416 101 222
5417 101 222
5418 101 222
5419 101 222
5420 101 222
5421 101 223
5422 101 223
5423 101 223
5424 101 224
5425 101 224
5426 101 224
5427 101 225
5428 101 225
5429 101 225
5430 101 225
5431 101 225
5432 101 226
5433 101 226
5434 101 226
5435 101 226
5436 101 226
5437 101 226
5438 101 226
5439 101 226
5440 101 226
5441 101 227
5442 101 227
5443 101 227
5444 101 227
5445 101 227
5446 101 227
5447 101 227
5448 101 228
5449 101 228
5450 101 229
5451 101 229
5452 101 229
5453 101 229
5454 101 229
5455 101 229
5456 101 229
5457 101 230
5458 101 230
5459 101 231
5460 101 231
5461 101 231
5462 101 231
5463 101 232
5464 101 232
5465 101 232
5466 101 232
5467 101 232
5468 101 233
5469 101 233
5470 101 233
5471 101 233
5472 101 233
5473 101 234
5474 101 234
5475 101 234
5476 101 235
5477 101 235
5478 101 235
5479 101 235
5480 101 236
5481 101 236
5482 101 236
5483 101 236
5484 101 236
5485 101 236
5486 101 237
5487 101 237
5488 101 237
5489 101 237
5490 101 237
5491 101 237
5492 101 237
5493 101 237
5494 101 237
5495 101 238
5496 101 238
5497 101 238
5498 101 238
5499 101 238
5500 101 238
5501 101 239
5502 101 239
5503 101 239
5504 101 239
5505 101 240
5506 101 240
5507 101 240
5508 101 240
5509 101 240
5510 101 241
5511 101 241
5512 101 242
5513 101 242
5514 101 242
5515 101 243
5516 101 243
5517 101 243
5518 101 243
5519 101 244
5520 101 244
5521 101 244
5522 101 244
5523 101 244
5524 101 244
5525 101 244
5526 101 245
5527 101 246
5528 101 246
5529 101 246
5530 101 246
5531 101 246
5532 101 246
5533 101 246
5534 101 246
5535 101 247
5536 101 247
5537 101 247
5538 101 247
5539 101 248
5540 101 248
5541 101 248
5542 101 249
5543 101 249
5544 101 249
5545 101 250
5546 101 250
5547 101 250
5548 101 250
5549 101 250
5550 101 251
5551 101 251
5552 101 251
5553 101 252
5554 101 252
5555 101 252
5556 101 253
5557 101 253
5558 101 253
5559 101 254
5560 101 254
5561 101 254
5562 101 254
5563 101 254
5564 101 255
5565 101 255
5566 101 255
5567 101 255
5568 101 255
5569 101 256
5570 101 256
5571 101 256
5572 101 257
5573 101 257
5574 101 258
5575 101 258
5576 101 259
5577 101 259
5578 101 259
5579 101 260
5580 101 260
5581 101 260
5582 101 261
5583 101 261
5584 101 261
5585 101 262
5586 101 262
5587 101 262
5588 101 262
5589 101 263
5590 101 263
5591 101 263
5592 101 263
5593 101 263
5594 101 264
5595 101 264
5596 101 264
5597 101 265
5598 101 265
5599 101 265
5600 101 266
5601 101 267
5602 101 267
5603 101 268
5604 101 268
5605 101 268
5606 101 269
5607 101 269
5608 101 269
5609 101 269
5610 101 269
5611 101 269
5612 101 270
5613 101 272
5614 101 272
5615 101 272
5616 101 272
5617 101 272
5618 101 272
5619 101 273
5620 101 273
5621 101 274
5622 101 274
5623 101 275
5624 101 275
5625 101 276
5626 101 276
5627 101 276
5628 101 276
5629 101 277
5630 101 277
5631 101 277
5632 101 278
5633 101 278
5634 101 278
5635 101 279
5636 101 280
5637 101 280
5638 101 280
5639 101 280
5640 101 281
5641 101 283
5642 101 283
5643 101 283
5644 101 283
5645 101 283
5646 101 284
5647 101 284
5648 101 284
5649 101 284
5650 101 285
5651 101 285
5652 101 286
5653 101 286
5654 101 287
5655 101 288
5656 101 288
5657 101 289
5658 101 289
5659 101 289
5660 101 289
5661 101 289
5662 101 289
5663 101 289
5664 101 290
5665 101 290
5666 101 290
5667 101 290
5668 101 290
5669 101 291
5670 101 291
5671 101 291
5672 101 291
5673 101 292
5674 101 292
5675 101 295
5676 101 295
5677 101 296
5678 101 296
5679 101 296
5680 101 297
5681 101 297
5682 101 297
5683 101 297
5684 101 297
5685 101 298
5686 101 298
5687 101 300
5688 101 300
5689 101 300
5690 101 301
5691 101 301
5692 101 301
5693 101 302
5694 101 302
5695 101 303
5696 101 303
5697 101 303
5698 101 303
5699 101 305
5700 101 305
5701 101 305
5702 101 305
5703 101 306
5704 101 306
5705 101 306
5706 101 307
5707 101 307
5708 101 307
5709 101 307
5710 101 308
5711 101 309
5712 101 309
5713 101 309
5714 101 310
5715 101 310
5716 101 312
5717 101 312
5718 101 312
5719 101 313
5720 101 313
5721 101 313
5722 101 314
5723 101 314
5724 101 315
5725 101 317
5726 101 318
5727 101 319
5728 101 319
5729 101 321
5730 101 321
5731 101 322
5732 101 323
5733 101 323
5734 101 323
5735 101 325
5736 101 326
5737 101 326
5738 101 326
5739 101 326
5740 101 327
5741 101 329
5742 101 329
5743 101 329
5744 101 329
5745 101 329
5746 101 330
5747 101 330
5748 101 330
5749 101 331
5750 101 331
5751 101 332
5752 101 332
5753 101 332
5754 101 332
5755 101 332
5756 101 332
5757 101 333
5758 101 335
5759 101 335
5760 101 336
5761 101 336
5762 101 337
5763 101 338
5764 101 338
5765 101 338
5766 101 339
5767 101 341
5768 101 341
5769 101 341
5770 101 341
5771 101 343
5772 101 343
5773 101 344
5774 101 344
5775 101 346
5776 101 348
5777 101 349
5778 101 349
5779 101 350
5780 101 351
5781 101 352
5782 101 352
5783 101 352
5784 101 353
5785 101 353
5786 101 353
5787 101 353
5788 101 354
5789 101 356
5790 101 357
5791 101 358
5792 101 358
5793 101 358
5794 101 359
5795 101 360
5796 101 360
5797 101 360
5798 101 361
5799 101 362
5800 101 363
5801 101 364
5802 101 364
5803 101 365
5804 101 366
5805 101 367
5806 101 368
5807 101 369
5808 101 369
5809 101 370
5810 101 370
5811 101 372
5812 101 374
5813 101 376
5814 101 378
5815 101 378
5816 101 378
5817 101 380
5818 101 381
5819 101 381
5820 101 381
5821 101 382
5822 101 382
5823 101 382
5824 101 384
5825 101 385
5826 101 387
5827 101 387
5828 101 389
5829 101 389
5830 101 390
5831 101 390
5832 101 393
5833 101 395
5834 101 396
5835 101 396
5836 101 398
5837 101 399
5838 101 400
5839 101 400
5840 101 401
5841 101 402
5842 101 404
5843 101 407
5844 101 412
5845 101 412
5846 101 413
5847 101 414
5848 101 414
5849 101 417
5850 101 422
5851 101 423
5852 101 423
5853 101 425
5854 101 425
5855 101 425
5856 101 427
5857 101 428
5858 101 429
5859 101 434
5860 101 435
5861 101 435
5862 101 436
5863 101 437
5864 101 437
5865 101 437
5866 101 442
5867 101 444
5868 101 445
5869 101 449
5870 101 455
5871 101 457
5872 101 458
5873 101 460
5874 101 461
5875 101 465
5876 101 469
5877 101 472
5878 101 472
5879 101 473
5880 101 475
5881 101 478
5882 101 482
5883 101 485
5884 101 487
5885 101 488
5886 101 489
5887 101 489
5888 101 493
5889 101 504
5890 101 507
5891 101 510
5892 101 510
5893 101 518
5894 101 521
5895 101 523
5896 101 524
5897 101 526
5898 101 526
5899 101 527
5900 101 528
5901 101 529
5902 101 530
5903 101 530
5904 101 531
5905 101 533
5906 101 534
5907 101 543
5908 101 544
5909 101 547
5910 101 551
5911 101 555
5912 101 557
5913 101 558
5914 101 562
5915 101 563
5916 101 564
5917 101 569
5918 101 570
5919 101 574
5920 101 592
5921 101 597
5922 101 604
5923 101 608
5924 101 608
5925 101 638
5926 101 642
5927 101 663
5928 101 705
5929 101 742
5930 101 765
5931 101 773
5932 101 790
5933 101 815
5934 101 835
5935 101 927
5936 101 947
5937 101 979
5938 101 980
5939 101 998
5940 101 1011
5941 101 1053
5942 101 1069
5943 101 1076
5944 101 1126
5945 101 1160
5946 101 1214
Guess: 馋涎欲滴 [['ch', 'an', '2'], ['x', 'ian', '2'], ['y', 'u', '4'], ['d', 'i', '1']]
Max %d times. 4
请输入音调正确性（0/1/2表示不存在/存在/正确）/声母正确性/韵母正确性/字正确性（共16个字符）
